Explained variance: 0.9982
Individual variance contributions:
0.907477794387
0.0254785404444
0.0110997673042
0.00702723194435
0.00631179022876
0.00613626916361
0.00538169588003
0.00452763496561
0.00364135738426
0.00295374538423
0.00240262768238
0.00178154731407
0.00167287692622
0.00151337972031
0.00148563473385
0.00129932329963
0.00120762515501
0.00107311602985
0.00104103922305
0.000841537444133
0.000798050297115
0.000602326548795
0.000535945460339
0.000450507924806
0.000377646957913
0.000258960617161
0.000218968278389
0.000206211338818
0.000195133806576
0.000189667986724

Running PCA again ...
Explained variance: 0.6972
Individual variance contributions:
0.0635509284048
0.0451940594586
0.0398762538913
0.0348306856238
0.0326595751585
0.0307594239751
0.0279663888678
0.024242496749
0.0220177070861
0.0210319606853
0.0191993852984
0.0188020631325
0.0179703902274
0.0178381048725
0.0177847324041
0.0177723513133
0.0177119629562
0.017690847388
0.0176655392573
0.0176559928725
0.0176307953214
0.017582406644
0.0175693869069
0.0175202605083
0.0175154965855
0.017485382884
0.0174659036453
0.0174517069537
0.0174196560182
0.0173815934563

